-4.12872e-07 -1.13179e-06 -2.86523e-06 -6.70425e-06 -1.45135e-05 -2.91039e-05 -5.41375e-05 -9.35679e-05 -0.000150536 -0.000225901 -0.000316878 -0.000416388 -0.000513613 -0.000595795 -0.000650886 -0.000670289 -0.000650886 -0.000595795 -0.000513613 -0.000416388 -0.000316878 -0.000225901 -0.000150536 -9.35679e-05 -5.41375e-05 -2.91039e-05 -1.45135e-05 -6.70425e-06 -2.86523e-06 -1.13179e-06 -4.12872e-07 
-1.13179e-06 -3.06804e-06 -7.67365e-06 -1.77233e-05 -3.78385e-05 -7.47703e-05 -0.000136965 -0.000233014 -0.000368969 -0.000545128 -0.000753464 -0.000976973 -0.00119161 -0.00137047 -0.00148917 -0.00153076 -0.00148917 -0.00137047 -0.00119161 -0.000976973 -0.000753464 -0.000545128 -0.000368969 -0.000233014 -0.000136965 -7.47703e-05 -3.78385e-05 -1.77233e-05 -7.67365e-06 -3.06804e-06 -1.13179e-06 
-2.86523e-06 -7.67365e-06 -1.89406e-05 -4.31191e-05 -9.06302e-05 -0.000176107 -0.000316895 -0.000529166 -0.000822064 -0.00119162 -0.00161709 -0.00206179 -0.00247876 -0.00281936 -0.00304213 -0.00311957 -0.00304213 -0.00281936 -0.00247876 -0.00206179 -0.00161709 -0.00119162 -0.000822064 -0.000529166 -0.000316895 -0.000176107 -9.06302e-05 -4.31191e-05 -1.89406e-05 -7.67365e-06 -2.86523e-06 
-6.70425e-06 -1.77233e-05 -4.31191e-05 -9.66088e-05 -0.000199523 -0.000380332 -0.000670324 -0.00109483 -0.00166187 -0.00235275 -0.00311955 -0.00389198 -0.0045913 -0.00514542 -0.00549972 -0.0056214 -0.00549972 -0.00514542 -0.0045913 -0.00389198 -0.00311955 -0.00235275 -0.00166187 -0.00109483 -0.000670324 -0.000380332 -0.000199523 -9.66088e-05 -4.31191e-05 -1.77233e-05 -6.70425e-06 
-1.45135e-05 -3.78385e-05 -9.06302e-05 -0.000199523 -0.000404041 -0.000753486 -0.00129621 -0.00206179 -0.0030421 -0.00418082 -0.00537974 -0.00652141 -0.007498 -0.0082325 -0.00868329 -0.00883464 -0.00868329 -0.0082325 -0.007498 -0.00652141 -0.00537974 -0.00418082 -0.0030421 -0.00206179 -0.00129621 -0.000753486 -0.000404041 -0.000199523 -9.06302e-05 -3.78385e-05 -1.45135e-05 
-2.91039e-05 -7.47703e-05 -0.000176107 -0.000380332 -0.000753486 -0.0013705 -0.00229186 -0.00353155 -0.00503084 -0.00665648 -0.00823236 -0.00959381 -0.0106368 -0.0113359 -0.0117232 -0.0118454 -0.0117232 -0.0113359 -0.0106368 -0.00959381 -0.00823236 -0.00665648 -0.00503084 -0.00353155 -0.00229186 -0.0013705 -0.000753486 -0.000380332 -0.000176107 -7.47703e-05 -2.91039e-05 
-5.41375e-05 -0.000136965 -0.000316895 -0.000670324 -0.00129621 -0.00229186 -0.00370825 -0.00549957 -0.00749784 -0.00944194 -0.0110629 -0.0121868 -0.0127968 -0.0130187 -0.0130432 -0.0130309 -0.0130432 -0.0130187 -0.0127968 -0.0121868 -0.0110629 -0.00944194 -0.00749784 -0.00549957 -0.00370825 -0.00229186 -0.00129621 -0.000670324 -0.000316895 -0.000136965 -5.41375e-05 
-9.35679e-05 -0.000233014 -0.000529166 -0.00109483 -0.00206179 -0.00353155 -0.00549957 -0.00778854 -0.0100462 -0.0118452 -0.0128574 -0.0130076 -0.0125061 -0.0117393 -0.0110997 -0.0108557 -0.0110997 -0.0117393 -0.0125061 -0.0130076 -0.0128574 -0.0118452 -0.0100462 -0.00778854 -0.00549957 -0.00353155 -0.00206179 -0.00109483 -0.000529166 -0.000233014 -9.35679e-05 
-0.000150536 -0.000368969 -0.000822064 -0.00166187 -0.0030421 -0.00503084 -0.00749784 -0.0100462 -0.0120773 -0.0130187 -0.0126167 -0.0111001 -0.00907411 -0.00721067 -0.00597042 -0.00554446 -0.00597042 -0.00721067 -0.00907411 -0.0111001 -0.0126167 -0.0130187 -0.0120773 -0.0100462 -0.00749784 -0.00503084 -0.0030421 -0.00166187 -0.000822064 -0.000368969 -0.000150536 
-0.000225901 -0.000545128 -0.00119162 -0.00235275 -0.00418082 -0.00665648 -0.00944194 -0.0118452 -0.0130187 -0.0123818 -0.0100327 -0.00680595 -0.00383127 -0.0018709 -0.000969138 -0.000730094 -0.000969138 -0.0018709 -0.00383127 -0.00680595 -0.0100327 -0.0123818 -0.0130187 -0.0118452 -0.00944194 -0.00665648 -0.00418082 -0.00235275 -0.00119162 -0.000545128 -0.000225901 
-0.000316878 -0.000753464 -0.00161709 -0.00311955 -0.00537974 -0.00823236 -0.0110629 -0.0128574 -0.0126167 -0.0100327 -0.00597177 -0.00222934 -0.000279984 0.00100193 0.00265551 0.00348497 0.00265551 0.00100193 -0.000279984 -0.00222934 -0.00597177 -0.0100327 -0.0126167 -0.0128574 -0.0110629 -0.00823236 -0.00537974 -0.00311955 -0.00161709 -0.000753464 -0.000316878 
-0.000416388 -0.000976973 -0.00206179 -0.00389198 -0.00652141 -0.00959381 -0.0121868 -0.0130076 -0.0111001 -0.00680595 -0.00222934 0.000136703 0.00348688 0.0105279 0.0177888 0.0208585 0.0177888 0.0105279 0.00348688 0.000136703 -0.00222934 -0.00680595 -0.0111001 -0.0130076 -0.0121868 -0.00959381 -0.00652141 -0.00389198 -0.00206179 -0.000976973 -0.000416388 
-0.000513613 -0.00119161 -0.00247876 -0.0045913 -0.007498 -0.0106368 -0.0127968 -0.0125061 -0.00907411 -0.00383127 -0.000279983 0.00348688 0.0150627 0.0324278 0.0482609 0.0546711 0.0482609 0.0324278 0.0150627 0.00348688 -0.000279983 -0.00383127 -0.00907411 -0.0125061 -0.0127968 -0.0106368 -0.007498 -0.0045913 -0.00247876 -0.00119161 -0.000513613 
-0.000595795 -0.00137047 -0.00281936 -0.00514542 -0.0082325 -0.0113359 -0.0130187 -0.0117393 -0.00721067 -0.0018709 0.00100193 0.0105279 0.0324278 0.0617235 0.0872397 0.0973869 0.0872397 0.0617235 0.0324278 0.0105279 0.00100193 -0.0018709 -0.00721067 -0.0117393 -0.0130187 -0.0113359 -0.0082325 -0.00514542 -0.00281936 -0.00137047 -0.000595795 
-0.000650886 -0.00148917 -0.00304213 -0.00549972 -0.00868329 -0.0117232 -0.0130432 -0.0110997 -0.00597042 -0.000969136 0.00265551 0.0177888 0.0482609 0.0872397 0.120523 0.133653 0.120523 0.0872397 0.0482609 0.0177888 0.00265551 -0.000969136 -0.00597042 -0.0110997 -0.0130432 -0.0117232 -0.00868329 -0.00549972 -0.00304213 -0.00148917 -0.000650886 
-0.000670289 -0.00153076 -0.00311957 -0.0056214 -0.00883464 -0.0118454 -0.0130309 -0.0108557 -0.00554446 -0.000730093 0.00348497 0.0208585 0.0546711 0.0973869 0.133653 0.147925 0.133653 0.0973869 0.0546711 0.0208585 0.00348497 -0.000730093 -0.00554446 -0.0108557 -0.0130309 -0.0118454 -0.00883464 -0.0056214 -0.00311957 -0.00153076 -0.000670289 
-0.000650886 -0.00148917 -0.00304213 -0.00549972 -0.00868329 -0.0117232 -0.0130432 -0.0110997 -0.00597042 -0.000969136 0.00265551 0.0177888 0.0482609 0.0872397 0.120523 0.133653 0.120523 0.0872397 0.0482609 0.0177888 0.00265551 -0.000969136 -0.00597042 -0.0110997 -0.0130432 -0.0117232 -0.00868329 -0.00549972 -0.00304213 -0.00148917 -0.000650886 
-0.000595795 -0.00137047 -0.00281936 -0.00514542 -0.0082325 -0.0113359 -0.0130187 -0.0117393 -0.00721067 -0.0018709 0.00100193 0.0105279 0.0324278 0.0617235 0.0872397 0.0973869 0.0872397 0.0617235 0.0324278 0.0105279 0.00100193 -0.0018709 -0.00721067 -0.0117393 -0.0130187 -0.0113359 -0.0082325 -0.00514542 -0.00281936 -0.00137047 -0.000595795 
-0.000513613 -0.00119161 -0.00247876 -0.0045913 -0.007498 -0.0106368 -0.0127968 -0.0125061 -0.00907411 -0.00383127 -0.000279983 0.00348688 0.0150627 0.0324278 0.0482609 0.0546711 0.0482609 0.0324278 0.0150627 0.00348688 -0.000279983 -0.00383127 -0.00907411 -0.0125061 -0.0127968 -0.0106368 -0.007498 -0.0045913 -0.00247876 -0.00119161 -0.000513613 
-0.000416388 -0.000976973 -0.00206179 -0.00389198 -0.00652141 -0.00959381 -0.0121868 -0.0130076 -0.0111001 -0.00680595 -0.00222934 0.000136703 0.00348688 0.0105279 0.0177888 0.0208585 0.0177888 0.0105279 0.00348688 0.000136703 -0.00222934 -0.00680595 -0.0111001 -0.0130076 -0.0121868 -0.00959381 -0.00652141 -0.00389198 -0.00206179 -0.000976973 -0.000416388 
-0.000316878 -0.000753464 -0.00161709 -0.00311955 -0.00537974 -0.00823236 -0.0110629 -0.0128574 -0.0126167 -0.0100327 -0.00597177 -0.00222934 -0.000279984 0.00100193 0.00265551 0.00348497 0.00265551 0.00100193 -0.000279984 -0.00222934 -0.00597177 -0.0100327 -0.0126167 -0.0128574 -0.0110629 -0.00823236 -0.00537974 -0.00311955 -0.00161709 -0.000753464 -0.000316878 
-0.000225901 -0.000545128 -0.00119162 -0.00235275 -0.00418082 -0.00665648 -0.00944194 -0.0118452 -0.0130187 -0.0123818 -0.0100327 -0.00680595 -0.00383127 -0.0018709 -0.000969138 -0.000730094 -0.000969138 -0.0018709 -0.00383127 -0.00680595 -0.0100327 -0.0123818 -0.0130187 -0.0118452 -0.00944194 -0.00665648 -0.00418082 -0.00235275 -0.00119162 -0.000545128 -0.000225901 
-0.000150536 -0.000368969 -0.000822064 -0.00166187 -0.0030421 -0.00503084 -0.00749784 -0.0100462 -0.0120773 -0.0130187 -0.0126167 -0.0111001 -0.00907411 -0.00721067 -0.00597042 -0.00554446 -0.00597042 -0.00721067 -0.00907411 -0.0111001 -0.0126167 -0.0130187 -0.0120773 -0.0100462 -0.00749784 -0.00503084 -0.0030421 -0.00166187 -0.000822064 -0.000368969 -0.000150536 
-9.35679e-05 -0.000233014 -0.000529166 -0.00109483 -0.00206179 -0.00353155 -0.00549957 -0.00778854 -0.0100462 -0.0118452 -0.0128574 -0.0130076 -0.0125061 -0.0117393 -0.0110997 -0.0108557 -0.0110997 -0.0117393 -0.0125061 -0.0130076 -0.0128574 -0.0118452 -0.0100462 -0.00778854 -0.00549957 -0.00353155 -0.00206179 -0.00109483 -0.000529166 -0.000233014 -9.35679e-05 
-5.41375e-05 -0.000136965 -0.000316895 -0.000670324 -0.00129621 -0.00229186 -0.00370825 -0.00549957 -0.00749784 -0.00944194 -0.0110629 -0.0121868 -0.0127968 -0.0130187 -0.0130432 -0.0130309 -0.0130432 -0.0130187 -0.0127968 -0.0121868 -0.0110629 -0.00944194 -0.00749784 -0.00549957 -0.00370825 -0.00229186 -0.00129621 -0.000670324 -0.000316895 -0.000136965 -5.41375e-05 
-2.91039e-05 -7.47703e-05 -0.000176107 -0.000380332 -0.000753486 -0.0013705 -0.00229186 -0.00353155 -0.00503084 -0.00665648 -0.00823236 -0.00959381 -0.0106368 -0.0113359 -0.0117232 -0.0118454 -0.0117232 -0.0113359 -0.0106368 -0.00959381 -0.00823236 -0.00665648 -0.00503084 -0.00353155 -0.00229186 -0.0013705 -0.000753486 -0.000380332 -0.000176107 -7.47703e-05 -2.91039e-05 
-1.45135e-05 -3.78385e-05 -9.06302e-05 -0.000199523 -0.000404041 -0.000753486 -0.00129621 -0.00206179 -0.0030421 -0.00418082 -0.00537974 -0.00652141 -0.007498 -0.0082325 -0.00868329 -0.00883464 -0.00868329 -0.0082325 -0.007498 -0.00652141 -0.00537974 -0.00418082 -0.0030421 -0.00206179 -0.00129621 -0.000753486 -0.000404041 -0.000199523 -9.06302e-05 -3.78385e-05 -1.45135e-05 
-6.70425e-06 -1.77233e-05 -4.31191e-05 -9.66088e-05 -0.000199523 -0.000380332 -0.000670324 -0.00109483 -0.00166187 -0.00235275 -0.00311955 -0.00389198 -0.0045913 -0.00514542 -0.00549972 -0.0056214 -0.00549972 -0.00514542 -0.0045913 -0.00389198 -0.00311955 -0.00235275 -0.00166187 -0.00109483 -0.000670324 -0.000380332 -0.000199523 -9.66088e-05 -4.31191e-05 -1.77233e-05 -6.70425e-06 
-2.86523e-06 -7.67365e-06 -1.89406e-05 -4.31191e-05 -9.06302e-05 -0.000176107 -0.000316895 -0.000529166 -0.000822064 -0.00119162 -0.00161709 -0.00206179 -0.00247876 -0.00281936 -0.00304213 -0.00311957 -0.00304213 -0.00281936 -0.00247876 -0.00206179 -0.00161709 -0.00119162 -0.000822064 -0.000529166 -0.000316895 -0.000176107 -9.06302e-05 -4.31191e-05 -1.89406e-05 -7.67365e-06 -2.86523e-06 
-1.13179e-06 -3.06804e-06 -7.67365e-06 -1.77233e-05 -3.78385e-05 -7.47703e-05 -0.000136965 -0.000233014 -0.000368969 -0.000545128 -0.000753464 -0.000976973 -0.00119161 -0.00137047 -0.00148917 -0.00153076 -0.00148917 -0.00137047 -0.00119161 -0.000976973 -0.000753464 -0.000545128 -0.000368969 -0.000233014 -0.000136965 -7.47703e-05 -3.78385e-05 -1.77233e-05 -7.67365e-06 -3.06804e-06 -1.13179e-06 
-4.12872e-07 -1.13179e-06 -2.86523e-06 -6.70425e-06 -1.45135e-05 -2.91039e-05 -5.41375e-05 -9.35679e-05 -0.000150536 -0.000225901 -0.000316878 -0.000416388 -0.000513613 -0.000595795 -0.000650886 -0.000670289 -0.000650886 -0.000595795 -0.000513613 -0.000416388 -0.000316878 -0.000225901 -0.000150536 -9.35679e-05 -5.41375e-05 -2.91039e-05 -1.45135e-05 -6.70425e-06 -2.86523e-06 -1.13179e-06 -4.12872e-07 
